094826	39.06000383	117.12845767
094826	39.06000367	117.12845767
094826	39.06000367	117.12845767
094828	39.06000367	117.12845767
094828	39.06000350	117.12845767
094829	39.06000350	117.12845767
094829	39.06000350	117.12845750
094830	39.06000333	117.12845750
094830	39.06000333	117.12845750
094831	39.06000333	117.12845750
094831	39.06000317	117.12845733
094832	39.06000317	117.12845733
094832	39.06000317	117.12845733
094833	39.06000300	117.12845733
094833	39.06000300	117.12845733
094834	39.06000300	117.12845717
094835	39.06000300	117.12845717
094836	39.06000283	117.12845700
094837	39.06000283	117.12845700
094837	39.06000283	117.12845700
094838	39.06000283	117.12845700
094838	39.06000267	117.12845683
094839	39.06000267	117.12845683
094840	39.06000250	117.12845667
094840	39.06000250	117.12845667
094841	39.06000233	117.12845650
094841	39.06000233	117.12845650
094842	39.06000217	117.12845633
094842	39.06000200	117.12845633
094843	39.06000200	117.12845617
094843	39.06000183	117.12845600
094844	39.06000167	117.12845600
094845	39.06000133	117.12845567
094845	39.06000117	117.12845567
094846	39.06000100	117.12845550
094846	39.06000100	117.12845533
094847	39.06000083	117.12845533
094848	39.06000067	117.12845517
094848	39.06000050	117.12845517
094849	39.06000050	117.12845517
094849	39.06000033	117.12845517
094850	39.06000033	117.12845517
094851	39.06000017	117.12845533
094852	39.06000017	117.12845550
094852	39.06000017	117.12845550
094853	39.06000017	117.12845550
094853	39.06000017	117.12845550
094854	39.06000017	117.12845550
094855	39.06000017	117.12845550
094855	39.06000000	117.12845567
094856	39.06000000	117.12845567
094856	39.06000000	117.12845567
094857	39.06000000	117.12845567
094857	39.06000000	117.12845567
094858	39.06000000	117.12845567
094858	39.06000000	117.12845567
094859	39.05999983	117.12845567
094900	39.05999983	117.12845567
094901	39.05999983	117.12845567
094901	39.05999983	117.12845567
094902	39.05999983	117.12845550
094903	39.05999983	117.12845550
094904	39.05999983	117.12845550
094904	39.05999983	117.12845550
094905	39.05999983	117.12845550
094906	39.05999967	117.12845550
094906	39.05999967	117.12845550
094907	39.05999967	117.12845550
094907	39.05999967	117.12845550
094908	39.05999967	117.12845550
094908	39.05999967	117.12845550
094909	39.05999967	117.12845550
094909	39.05999967	117.12845550
094911	39.05999967	117.12845567
094911	39.05999967	117.12845567
094912	39.05999967	117.12845567
094913	39.05999967	117.12845567
094914	39.05999967	117.12845567
094915	39.05999950	117.12845567
094916	39.05999950	117.12845550
094916	39.05999950	117.12845550
094917	39.05999933	117.12845533
094918	39.05999917	117.12845533
094918	39.05999917	117.12845517
094919	39.05999900	117.12845500
094921	39.05999883	117.12845483
094921	39.05999867	117.12845467
094922	39.05999867	117.12845467
094923	39.05999850	117.12845450
094923	39.05999850	117.12845433
094924	39.05999850	117.12845433
094924	39.05999850	117.12845433
094925	39.05999833	117.12845433
094925	39.05999833	117.12845417
094926	39.05999817	117.12845417
094926	39.05999817	117.12845417
094927	39.05999800	117.12845400
094928	39.05999800	117.12845400
094929	39.05999783	117.12845400
094929	39.05999783	117.12845383
094930	39.05999767	117.12845383
094930	39.05999767	117.12845383
094931	39.05999767	117.12845383
094932	39.05999767	117.12845367
094932	39.05999750	117.12845367
094933	39.05999750	117.12845367
094933	39.05999750	117.12845350
094934	39.05999750	117.12845350
094934	39.05999750	117.12845350
094935	39.05999750	117.12845333
094935	39.05999750	117.12845333
094936	39.05999733	117.12845317
094936	39.05999733	117.12845317
094937	39.05999733	117.12845300
094938	39.05999733	117.12845300
094938	39.05999733	117.12845300
094939	39.05999717	117.12845300
094940	39.05999717	117.12845300
094940	39.05999717	117.12845300
094941	39.05999700	117.12845300
094942	39.05999700	117.12845300
094942	39.05999683	117.12845300
094943	39.05999667	117.12845300
094944	39.05999650	117.12845300
094944	39.05999650	117.12845300
094945	39.05999650	117.12845283
094945	39.05999650	117.12845283
094946	39.05999633	117.12845283
094946	39.05999633	117.12845300
094947	39.05999633	117.12845300
094947	39.05999633	117.12845300
094949	39.05999633	117.12845317
094949	39.05999633	117.12845317
094950	39.05999633	117.12845333
094950	39.05999633	117.12845333
094951	39.05999633	117.12845350
094951	39.05999633	117.12845350
094952	39.05999633	117.12845350
094952	39.05999633	117.12845367
094953	39.05999633	117.12845367
094954	39.05999633	117.12845383
094954	39.05999633	117.12845383
094955	39.05999633	117.12845383
094955	39.05999617	117.12845400
094956	39.05999617	117.12845400
094956	39.05999617	117.12845417
094957	39.05999617	117.12845417
094958	39.05999600	117.12845433
094959	39.05999600	117.12845433
094959	39.05999583	117.12845450
095000	39.05999583	117.12845450
095000	39.05999583	117.12845450
095001	39.05999583	117.12845450
095001	39.05999583	117.12845467
095002	39.05999583	117.12845467
095003	39.05999567	117.12845467
095003	39.05999567	117.12845467
095004	39.05999567	117.12845467
095004	39.05999567	117.12845467
095005	39.05999567	117.12845483
095006	39.05999567	117.12845483
095006	39.05999567	117.12845483
095007	39.05999567	117.12845483
095008	39.05999583	117.12845500
095008	39.05999583	117.12845500
095009	39.05999583	117.12845517
095009	39.05999583	117.12845517
095010	39.05999583	117.12845517
095010	39.05999583	117.12845533
095011	39.05999600	117.12845533
095011	39.05999600	117.12845550
095012	39.05999600	117.12845567
095012	39.05999617	117.12845583
095013	39.05999617	117.12845583
095014	39.05999617	117.12845617
095014	39.05999633	117.12845617
095015	39.05999633	117.12845617
095016	39.05999633	117.12845617
095016	39.05999617	117.12845633
095017	39.05999617	117.12845633
095018	39.05999617	117.12845633
095018	39.05999617	117.12845633
095019	39.05999600	117.12845617
095020	39.05999600	117.12845617
095020	39.05999600	117.12845617
095021	39.05999600	117.12845617
095021	39.05999583	117.12845617
095022	39.05999583	117.12845633
095023	39.05999583	117.12845633
095023	39.05999600	117.12845633
095024	39.05999600	117.12845633
095024	39.05999600	117.12845633
095025	39.05999600	117.12845633
095026	39.05999617	117.12845633
095027	39.05999617	117.12845633
095027	39.05999633	117.12845633
095028	39.05999633	117.12845633
095028	39.05999633	117.12845633
095029	39.05999650	117.12845650
095029	39.05999650	117.12845650
095030	39.05999667	117.12845650
095031	39.05999667	117.12845650
095031	39.05999667	117.12845650
095032	39.05999667	117.12845650
095032	39.05999667	117.12845650
095033	39.05999683	117.12845650
095034	39.05999683	117.12845650
095035	39.05999683	117.12845650
095035	39.05999700	117.12845650
095036	39.05999700	117.12845650
095036	39.05999700	117.12845650
095037	39.05999700	117.12845650
095038	39.05999700	117.12845650
095038	39.05999700	117.12845650
095039	39.05999700	117.12845650
095040	39.05999700	117.12845650
095041	39.05999700	117.12845650
095042	39.05999683	117.12845650
095043	39.05999683	117.12845633
095043	39.05999683	117.12845633
095044	39.05999683	117.12845633
095045	39.05999667	117.12845617
095045	39.05999650	117.12845617
095046	39.05999650	117.12845617
095046	39.05999633	117.12845617
095047	39.05999617	117.12845617
095048	39.05999617	117.12845617
095049	39.05999600	117.12845633
095049	39.05999600	117.12845633
095050	39.05999583	117.12845650
095050	39.05999583	117.12845667
095051	39.05999583	117.12845667
095052	39.05999567	117.12845683
095052	39.05999567	117.12845700
095053	39.05999567	117.12845717
095053	39.05999567	117.12845733
095054	39.05999550	117.12845750
095055	39.05999533	117.12845767
095055	39.05999533	117.12845767
095056	39.05999533	117.12845767
095056	39.05999533	117.12845783
095057	39.05999533	117.12845783
095057	39.05999517	117.12845783
095058	39.05999517	117.12845800
095059	39.05999517	117.12845800
095100	39.05999500	117.12845800
095100	39.05999500	117.12845817
095101	39.05999500	117.12845817
095101	39.05999500	117.12845817
095101	39.05999500	117.12845817
095102	39.05999500	117.12845833
095103	39.05999483	117.12845833
095104	39.05999483	117.12845833
095104	39.05999483	117.12845850
095105	39.05999467	117.12845850
095105	39.05999467	117.12845867
095106	39.05999467	117.12845867
095107	39.05999450	117.12845867
095107	39.05999450	117.12845883
095108	39.05999450	117.12845883
095109	39.05999433	117.12845900
095109	39.05999433	117.12845900
095109	39.05999433	117.12845900
095111	39.05999433	117.12845917
095111	39.05999433	117.12845917
095112	39.05999417	117.12845917
095112	39.05999433	117.12845917
095113	39.05999433	117.12845917
095114	39.05999433	117.12845917
095115	39.05999450	117.12845933
095115	39.05999450	117.12845933
095116	39.05999450	117.12845933
095116	39.05999467	117.12845950
095117	39.05999467	117.12845950
095117	39.05999467	117.12845950
095118	39.05999467	117.12845950
095119	39.05999467	117.12845950
095119	39.05999450	117.12845950
095120	39.05999450	117.12845950
095121	39.05999450	117.12845950
095121	39.05999450	117.12845950
095122	39.05999433	117.12845933
095122	39.05999433	117.12845933
095123	39.05999433	117.12845933
095123	39.05999433	117.12845917
095124	39.05999417	117.12845917
095125	39.05999417	117.12845900
095125	39.05999417	117.12845900
095126	39.05999417	117.12845883
095127	39.05999417	117.12845883
095127	39.05999417	117.12845867
095128	39.05999417	117.12845867
095129	39.05999417	117.12845850
095129	39.05999417	117.12845850
095130	39.05999417	117.12845833
095130	39.05999417	117.12845833
095131	39.05999417	117.12845817
095132	39.05999417	117.12845817
095132	39.05999417	117.12845817
095133	39.05999417	117.12845817
095133	39.05999417	117.12845800
095134	39.05999417	117.12845800
095134	39.05999400	117.12845783
095135	39.05999400	117.12845783
095136	39.05999400	117.12845783
095137	39.05999400	117.12845767
095137	39.05999400	117.12845767
095138	39.05999400	117.12845767
095139	39.05999383	117.12845750
095139	39.05999383	117.12845750
095140	39.05999383	117.12845733
095140	39.05999383	117.12845733
095141	39.05999383	117.12845717
095142	39.05999383	117.12845717
095142	39.05999383	117.12845700
095143	39.05999383	117.12845700
095143	39.05999383	117.12845683
095144	39.05999383	117.12845683
095145	39.05999367	117.12845650
095146	39.05999367	117.12845650
095146	39.05999367	117.12845633
095147	39.05999367	117.12845633
095147	39.05999367	117.12845617
095148	39.05999367	117.12845600
095148	39.05999367	117.12845583
095149	39.05999367	117.12845567
095150	39.05999367	117.12845550
095150	39.05999367	117.12845550
095151	39.05999367	117.12845533
095151	39.05999350	117.12845533
095153	39.05999367	117.12845500
095153	39.05999367	117.12845483
095154	39.05999367	117.12845483
095155	39.05999383	117.12845467
095156	39.05999383	117.12845450
095156	39.05999383	117.12845450
095157	39.05999400	117.12845450
095158	39.05999417	117.12845450
095158	39.05999417	117.12845433
095159	39.05999433	117.12845433
095159	39.05999433	117.12845433
095200	39.05999450	117.12845433
